4
[]  []  []
[][][][][]
  [][][]  
[][][][][]
[]  []  []
3
[]  []    
[][][][][]
  [][][]  
[][][][][]
  []  []  
1
    []  []
[][][][][]
  [][][]  
[][][][][]
  []  [][]
2
  []  []  
  [][][]  
[][][][][]
  [][][]  
    []    
5
  []  []  
[][][][]  
  [][][][]
[][][][]  
[][]  []  
0
    []    
  [][][]  
[][][][][]
  [][][]  
    []    
###########################################################
4
[]  []  []
[][][][][]
  [][][]  
[][][][][]
[]  []  []
5
  []  []  
[][][][]  
  [][][][]
[][][][]  
[][]  []  
1
    []  []
[][][][][]
  [][][]  
[][][][][]
  []  [][]
2
  []  []  
  [][][]  
[][][][][]
  [][][]  
    []    
3
[]  []    
[][][][][]
  [][][]  
[][][][][]
  []  []  
0
    []    
  [][][]  
[][][][][]
  [][][]  
    []    
###########################################################
